timestamp,iMC0.MEM_BW_TOTAL,iMC1.MEM_BW_TOTAL,iMC2.MEM_BW_TOTAL
0.200375126,#NC,#NC,#NC
0.300604134,#NC,#NC,#NC
0.400763971,#NC,#NC,#NC
0.501002417,#NC,#NC,#NC
0.601197868,#NC,#NC,#NC
0.701390290,#NC,#NC,#NC
0.801581318,#NC,#NC,#NC
0.901777909,2.38250732422,3.80230712891,915.936950684
1.001895475,#NC,#NC,#NC
1.102009255,#NC,#NC,#NC
1.202131383,#NC,#NC,#NC
1.302239210,#NC,#NC,#NC
1.402359176,#NC,#NC,#NC
1.502483530,#NC,#NC,#NC
1.602600916,0.0488891601562,1.32147216797,0.116088867188
1.702719878,#NC,#NC,#NC
1.802864170,#NC,#NC,#NC
1.902994589,#NC,#NC,#NC
2.003105020,#NC,#NC,#NC
2.103211974,#NC,#NC,#NC
2.203323157,#NC,#NC,#NC
2.303440750,0.100769042969,1.31909179688,0.171081542969
2.403547363,#NC,#NC,#NC
2.503659863,#NC,#NC,#NC
2.603774606,#NC,#NC,#NC
2.703881365,#NC,#NC,#NC
2.804018072,#NC,#NC,#NC
2.904171047,#NC,#NC,#NC
3.004303070,0.216491699219,1.40936279297,0.165893554688
3.104419655,0.774841308594,2.05908203125,1.73077392578
3.204549854,#NC,#NC,#NC
3.304669491,#NC,#NC,#NC
3.404797661,#NC,#NC,#NC
3.504916539,#NC,#NC,#NC
3.605036105,#NC,#NC,#NC
3.705182847,#NC,#NC,#NC
3.805355098,0.0785522460938,1.291015625,0.149597167969
3.905488495,#NC,#NC,#NC
4.005604630,#NC,#NC,#NC
4.105714353,#NC,#NC,#NC
4.205823250,#NC,#NC,#NC
4.305933070,#NC,#NC,#NC
4.406056244,#NC,#NC,#NC
4.506183609,0.101501464844,1.33911132812,0.230712890625
4.606292718,#NC,#NC,#NC
4.706435715,#NC,#NC,#NC
4.806643818,#NC,#NC,#NC
4.906786784,#NC,#NC,#NC
5.006908642,#NC,#NC,#NC
5.107033439,#NC,#NC,#NC
5.207162586,0.0671997070312,1.33148193359,0.209289550781
5.307278874,#NC,#NC,#NC
5.407394229,#NC,#NC,#NC
5.507510214,#NC,#NC,#NC
5.607639365,#NC,#NC,#NC
5.707759919,#NC,#NC,#NC
5.807909210,#NC,#NC,#NC
5.908049083,#NC,#NC,#NC
6.008179750,1.04571533203,2.27325439453,2.45733642578
6.108286216,#NC,#NC,#NC
6.208398046,#NC,#NC,#NC
6.308503169,#NC,#NC,#NC
6.408607954,#NC,#NC,#NC
6.508713064,#NC,#NC,#NC
6.608818393,#NC,#NC,#NC
6.708930997,0.00457763671875,1.28082275391,0.164978027344
6.809062577,#NC,#NC,#NC
6.909381542,#NC,#NC,#NC
7.009496559,#NC,#NC,#NC
7.109606915,#NC,#NC,#NC
7.209723853,#NC,#NC,#NC
7.309844292,#NC,#NC,#NC
7.409967503,0.0740966796875,1.34216308594,0.16650390625
7.510090661,#NC,#NC,#NC
7.610206693,#NC,#NC,#NC
7.710316336,#NC,#NC,#NC
7.810449344,#NC,#NC,#NC
7.910590229,#NC,#NC,#NC
8.010707097,#NC,#NC,#NC
8.110828845,0.0679931640625,1.32635498047,0.291870117188
8.210944802,#NC,#NC,#NC
8.311057764,#NC,#NC,#NC
8.411168342,#NC,#NC,#NC
8.511283949,#NC,#NC,#NC
8.611393427,#NC,#NC,#NC
8.711504671,#NC,#NC,#NC
8.811652358,#NC,#NC,#NC
8.911808897,0.0121459960938,1.28216552734,0.106201171875
9.011925206,#NC,#NC,#NC
9.112036862,#NC,#NC,#NC
9.212147257,#NC,#NC,#NC
9.312257330,#NC,#NC,#NC
9.412367063,#NC,#NC,#NC
9.512477471,#NC,#NC,#NC
9.612595671,0.0648803710938,1.38702392578,0.227600097656
9.712705746,#NC,#NC,#NC
9.812833945,#NC,#NC,#NC
9.912964182,#NC,#NC,#NC
10.013073037,#NC,#NC,#NC
10.113182797,#NC,#NC,#NC
10.213293835,#NC,#NC,#NC
10.313415607,0.436828613281,1.70635986328,0.851684570312
10.413531867,#NC,#NC,#NC
10.513642588,#NC,#NC,#NC
10.613752435,#NC,#NC,#NC
10.713862022,#NC,#NC,#NC
10.814002803,#NC,#NC,#NC
10.914153326,#NC,#NC,#NC
11.014281342,0.156311035156,1.47802734375,0.239807128906
11.114400426,1.13781738281,2.43963623047,2.08288574219
11.214516878,#NC,#NC,#NC
11.314628029,#NC,#NC,#NC
11.414738639,#NC,#NC,#NC
11.514853559,#NC,#NC,#NC
11.614963720,#NC,#NC,#NC
11.715073462,#NC,#NC,#NC
11.815228479,0.02978515625,1.30078125,0.161926269531
11.915382883,#NC,#NC,#NC
12.015521915,#NC,#NC,#NC
12.115641155,#NC,#NC,#NC
12.215755751,#NC,#NC,#NC
12.315870520,#NC,#NC,#NC
12.415985271,#NC,#NC,#NC
12.516112804,0.212280273438,1.44281005859,0.674438476562
12.616231968,#NC,#NC,#NC
12.716347786,#NC,#NC,#NC
12.816487778,#NC,#NC,#NC
12.916621744,#NC,#NC,#NC
13.016736215,#NC,#NC,#NC
13.116865065,#NC,#NC,#NC
13.216990393,0.165710449219,1.42370605469,0.272705078125
13.317106073,#NC,#NC,#NC
13.417221492,#NC,#NC,#NC
13.517340738,#NC,#NC,#NC
13.617454832,#NC,#NC,#NC
13.717591556,#NC,#NC,#NC
13.817754111,#NC,#NC,#NC
13.917920248,#NC,#NC,#NC
14.018106092,66.0542602539,66.8546142578,600.381103516
14.118269460,#NC,#NC,#NC
14.218435003,#NC,#NC,#NC
14.318603172,#NC,#NC,#NC
14.418765523,#NC,#NC,#NC
14.518929893,#NC,#NC,#NC
14.619097847,#NC,#NC,#NC
14.719280689,65.3035888672,66.3142089844,595.86517334
14.819453549,#NC,#NC,#NC
14.919627347,#NC,#NC,#NC
15.019805286,#NC,#NC,#NC
15.119979977,#NC,#NC,#NC
15.220153063,#NC,#NC,#NC
15.320332168,#NC,#NC,#NC
15.420507732,65.1598510742,66.2948608398,597.561218262
15.520681088,#NC,#NC,#NC
15.620973726,#NC,#NC,#NC
15.721147728,#NC,#NC,#NC
15.821322861,#NC,#NC,#NC
15.921491806,#NC,#NC,#NC
16.021663764,#NC,#NC,#NC
16.121838460,65.4848022461,66.6248779297,600.96484375
16.222013137,#NC,#NC,#NC
16.322183994,#NC,#NC,#NC
16.422358635,#NC,#NC,#NC
16.522527411,#NC,#NC,#NC
16.622699952,#NC,#NC,#NC
16.722876499,#NC,#NC,#NC
16.823044172,#NC,#NC,#NC
16.923234025,65.0700073242,66.2864379883,600.498779297
17.023411310,#NC,#NC,#NC
17.123585993,#NC,#NC,#NC
17.223756248,#NC,#NC,#NC
17.323928309,#NC,#NC,#NC
17.424102864,#NC,#NC,#NC
17.524278483,#NC,#NC,#NC
17.624477012,65.4119262695,66.8682861328,600.348083496
17.724652008,#NC,#NC,#NC
17.824975946,#NC,#NC,#NC
17.925141179,#NC,#NC,#NC
18.025305930,#NC,#NC,#NC
18.125476026,#NC,#NC,#NC
18.225643976,#NC,#NC,#NC
18.325821290,64.9332885742,65.9938354492,595.775817871
18.425994848,#NC,#NC,#NC
18.526161216,#NC,#NC,#NC
18.626321029,#NC,#NC,#NC
18.726486532,#NC,#NC,#NC
18.826654749,#NC,#NC,#NC
18.926827792,#NC,#NC,#NC
19.027016607,65.3921508789,66.4971923828,599.305541992
19.127191600,#NC,#NC,#NC
19.227367875,#NC,#NC,#NC
19.327539651,#NC,#NC,#NC
19.427718049,#NC,#NC,#NC
19.527888928,#NC,#NC,#NC
19.628067571,#NC,#NC,#NC
19.728247963,#NC,#NC,#NC
19.828439719,65.7227783203,66.8642578125,603.162902832
19.928618215,#NC,#NC,#NC
20.028973641,#NC,#NC,#NC
20.129147258,#NC,#NC,#NC
20.229311894,#NC,#NC,#NC
20.329484381,#NC,#NC,#NC
20.429649015,#NC,#NC,#NC
20.529834841,65.3472900391,66.5338745117,600.34942627
20.629995883,#NC,#NC,#NC
20.730170429,#NC,#NC,#NC
20.830341541,#NC,#NC,#NC
20.930513626,#NC,#NC,#NC
21.030689864,#NC,#NC,#NC
21.130865994,#NC,#NC,#NC
21.231051513,65.370300293,66.4037475586,600.092224121
21.331230135,#NC,#NC,#NC
21.431409051,#NC,#NC,#NC
21.531581631,#NC,#NC,#NC
21.631761559,#NC,#NC,#NC
21.731935751,#NC,#NC,#NC
21.832125086,#NC,#NC,#NC
21.932311904,65.7880249023,65.9859619141,597.862243652
22.032507728,67.9575195312,69.6698608398,609.862060547
22.132685600,#NC,#NC,#NC
22.232973957,#NC,#NC,#NC
22.333144528,#NC,#NC,#NC
22.433320844,#NC,#NC,#NC
22.533486223,#NC,#NC,#NC
22.633659434,#NC,#NC,#NC
22.733846011,65.3559570312,66.2604980469,597.549621582
22.834020355,#NC,#NC,#NC
22.934187119,#NC,#NC,#NC
23.034348187,#NC,#NC,#NC
23.134514030,#NC,#NC,#NC
23.234691931,#NC,#NC,#NC
23.334866150,#NC,#NC,#NC
23.435053314,64.6071777344,66.0723876953,598.800842285
23.535222036,#NC,#NC,#NC
23.635390498,#NC,#NC,#NC
23.735565616,#NC,#NC,#NC
23.835736785,#NC,#NC,#NC
23.935906887,#NC,#NC,#NC
24.036075861,#NC,#NC,#NC
24.136264433,63.9494018555,64.9854125977,585.365539551
24.236442129,#NC,#NC,#NC
24.336627124,#NC,#NC,#NC
24.436974640,#NC,#NC,#NC
24.537139069,#NC,#NC,#NC
24.637307169,#NC,#NC,#NC
24.737481605,#NC,#NC,#NC
24.837651477,#NC,#NC,#NC
24.937838502,65.9306030273,66.6592407227,591.54296875
25.038006379,#NC,#NC,#NC
25.138179434,#NC,#NC,#NC
25.238341226,#NC,#NC,#NC
25.338506179,#NC,#NC,#NC
25.438673343,#NC,#NC,#NC
25.538839061,#NC,#NC,#NC
25.639031605,65.6630859375,66.5760498047,600.423034668
25.739205284,#NC,#NC,#NC
25.839372586,#NC,#NC,#NC
25.939551062,#NC,#NC,#NC
26.039721841,#NC,#NC,#NC
26.139891657,#NC,#NC,#NC
26.240057694,#NC,#NC,#NC
26.340254882,65.1791992188,66.2046508789,596.996398926
26.440428888,#NC,#NC,#NC
26.540611857,#NC,#NC,#NC
26.640974067,#NC,#NC,#NC
26.741140067,#NC,#NC,#NC
26.841307163,#NC,#NC,#NC
26.941471955,#NC,#NC,#NC
27.041656334,65.1531982422,66.4067993164,595.97454834
27.141824727,#NC,#NC,#NC
27.241988323,#NC,#NC,#NC
27.342156075,#NC,#NC,#NC
27.442332010,#NC,#NC,#NC
27.542499279,#NC,#NC,#NC
27.642662809,#NC,#NC,#NC
27.742835698,#NC,#NC,#NC
27.843018527,65.6588134766,66.4407958984,591.571899414
27.943192324,#NC,#NC,#NC
28.043367483,#NC,#NC,#NC
28.143540571,#NC,#NC,#NC
28.243713727,#NC,#NC,#NC
28.343892550,#NC,#NC,#NC
28.444064002,#NC,#NC,#NC
28.544257316,64.9351196289,65.8724975586,596.393920898
28.644436111,#NC,#NC,#NC
28.744615104,#NC,#NC,#NC
28.844954983,#NC,#NC,#NC
28.945141964,#NC,#NC,#NC
29.045308653,#NC,#NC,#NC
29.145476139,#NC,#NC,#NC
29.245660878,64.3336181641,65.4033813477,589.801452637
29.345834516,#NC,#NC,#NC
29.446000729,#NC,#NC,#NC
29.546177135,#NC,#NC,#NC
29.646345764,#NC,#NC,#NC
29.746518454,#NC,#NC,#NC
29.846679158,#NC,#NC,#NC
29.946852444,65.3806762695,66.5852050781,601.85949707
30.047021291,#NC,#NC,#NC
30.147194221,#NC,#NC,#NC
30.247363615,#NC,#NC,#NC
30.347535576,#NC,#NC,#NC
30.447708411,#NC,#NC,#NC
30.547884380,#NC,#NC,#NC
30.648057843,#NC,#NC,#NC
30.748246801,65.1593017578,66.5429077148,601.043884277
30.848424785,#NC,#NC,#NC
30.948604469,#NC,#NC,#NC
31.048769311,#NC,#NC,#NC
31.148970280,#NC,#NC,#NC
31.249138240,#NC,#NC,#NC
31.349305122,#NC,#NC,#NC
31.449480911,66.5350341797,67.3851928711,605.787536621
31.549644014,#NC,#NC,#NC
31.649813017,#NC,#NC,#NC
31.749981424,#NC,#NC,#NC
31.850142405,#NC,#NC,#NC
31.950304742,#NC,#NC,#NC
32.050466741,#NC,#NC,#NC
32.150652329,65.1651611328,66.4257202148,599.576416016
32.250822249,#NC,#NC,#NC
32.350997085,#NC,#NC,#NC
32.451159648,#NC,#NC,#NC
32.551324060,#NC,#NC,#NC
32.651501981,#NC,#NC,#NC
32.751693570,#NC,#NC,#NC
32.851878322,62.1011352539,63.4779663086,587.513549805
32.952068794,67.0256958008,68.5455322266,604.93157959
33.052244033,#NC,#NC,#NC
33.152419604,#NC,#NC,#NC
33.252603144,#NC,#NC,#NC
33.352769391,#NC,#NC,#NC
33.452972245,#NC,#NC,#NC
33.553145311,#NC,#NC,#NC
33.653324086,65.5941162109,66.7338867188,596.689758301
33.753498156,#NC,#NC,#NC
33.853663128,#NC,#NC,#NC
33.953830455,#NC,#NC,#NC
34.053996275,#NC,#NC,#NC
34.154166253,#NC,#NC,#NC
34.254335317,#NC,#NC,#NC
34.354521477,65.2567749023,66.2081298828,598.600158691
34.454697295,#NC,#NC,#NC
34.554872117,#NC,#NC,#NC
34.655048414,#NC,#NC,#NC
34.755225088,#NC,#NC,#NC
34.855395343,#NC,#NC,#NC
34.955563340,#NC,#NC,#NC
35.055755443,65.7522583008,66.9144897461,604.215515137
35.155924663,#NC,#NC,#NC
35.256102723,#NC,#NC,#NC
35.356272490,#NC,#NC,#NC
35.456445454,#NC,#NC,#NC
35.556628945,#NC,#NC,#NC
35.656972451,#NC,#NC,#NC
35.757143855,#NC,#NC,#NC
35.857320467,64.7056274414,65.9271850586,591.897338867
35.957488966,#NC,#NC,#NC
36.057655218,#NC,#NC,#NC
36.157818451,#NC,#NC,#NC
36.257987247,#NC,#NC,#NC
36.358150167,#NC,#NC,#NC
36.458317617,#NC,#NC,#NC
36.558502060,65.0158081055,65.9903564453,586.758361816
36.658674270,#NC,#NC,#NC
36.758841822,#NC,#NC,#NC
36.859015445,#NC,#NC,#NC
36.959189474,#NC,#NC,#NC
37.059358871,#NC,#NC,#NC
37.159523483,#NC,#NC,#NC
37.259719792,64.9419555664,66.2020874023,594.081542969
37.359894617,#NC,#NC,#NC
37.460062450,#NC,#NC,#NC
37.560235891,#NC,#NC,#NC
37.660411330,#NC,#NC,#NC
37.760589524,#NC,#NC,#NC
37.860752148,#NC,#NC,#NC
37.960975540,65.3501586914,66.4635620117,603.585266113
38.061141382,#NC,#NC,#NC
38.161303258,#NC,#NC,#NC
38.261463692,#NC,#NC,#NC
38.361637044,#NC,#NC,#NC
38.461805010,#NC,#NC,#NC
38.561969899,#NC,#NC,#NC
38.662140652,#NC,#NC,#NC
38.762326896,65.4099121094,66.5336303711,598.244262695
38.862496492,#NC,#NC,#NC
38.962670296,#NC,#NC,#NC
39.062844093,#NC,#NC,#NC
39.163017581,#NC,#NC,#NC
39.263183214,#NC,#NC,#NC
39.363347673,#NC,#NC,#NC
39.463537632,65.0827636719,66.1053466797,599.807312012
39.563709331,#NC,#NC,#NC
39.663890828,#NC,#NC,#NC
39.764062181,#NC,#NC,#NC
39.864238945,#NC,#NC,#NC
39.964416506,#NC,#NC,#NC
40.064588848,#NC,#NC,#NC
40.164760189,65.149597168,66.2429199219,597.289550781
40.264973787,#NC,#NC,#NC
40.365143951,#NC,#NC,#NC
40.465315133,#NC,#NC,#NC
40.565483187,#NC,#NC,#NC
40.665650044,#NC,#NC,#NC
40.765822139,#NC,#NC,#NC
40.866000817,63.9746704102,65.0791625977,588.561645508
40.966165959,#NC,#NC,#NC
41.066336921,#NC,#NC,#NC
41.166506808,#NC,#NC,#NC
41.266681944,#NC,#NC,#NC
41.366852011,#NC,#NC,#NC
41.467017547,#NC,#NC,#NC
41.567197897,#NC,#NC,#NC
41.667384431,64.7398681641,65.7772216797,597.51184082
41.767551544,#NC,#NC,#NC
41.867719827,#NC,#NC,#NC
41.967895974,#NC,#NC,#NC
42.068069381,#NC,#NC,#NC
42.168248154,#NC,#NC,#NC
42.268423724,#NC,#NC,#NC
42.368625661,64.9273071289,66.3391723633,599.352783203
42.468974711,#NC,#NC,#NC
42.569143203,#NC,#NC,#NC
42.669306232,#NC,#NC,#NC
42.769479786,#NC,#NC,#NC
42.869645728,#NC,#NC,#NC
42.969812332,#NC,#NC,#NC
43.069996397,65.2875366211,66.0142822266,589.64654541
43.170161447,#NC,#NC,#NC
43.270336703,#NC,#NC,#NC
43.370501126,#NC,#NC,#NC
43.470667330,#NC,#NC,#NC
43.570834066,#NC,#NC,#NC
43.671020096,#NC,#NC,#NC
43.771216943,63.0488891602,64.0113525391,594.62902832
43.871403327,66.0573730469,67.6654052734,604.312561035
43.971576637,#NC,#NC,#NC
44.071750749,#NC,#NC,#NC
44.171929947,#NC,#NC,#NC
44.272107005,#NC,#NC,#NC
44.372280819,#NC,#NC,#NC
44.472451068,#NC,#NC,#NC
44.572637037,65.2612304688,66.3537597656,597.666320801
44.672976507,#NC,#NC,#NC
44.773148928,#NC,#NC,#NC
44.873319970,#NC,#NC,#NC
44.973487336,#NC,#NC,#NC
45.073644910,#NC,#NC,#NC
45.173806333,#NC,#NC,#NC
45.273988716,64.9498901367,66.2419433594,594.917114258
45.374159791,#NC,#NC,#NC
45.474330588,#NC,#NC,#NC
45.574502944,#NC,#NC,#NC
45.674678131,#NC,#NC,#NC
45.774850727,#NC,#NC,#NC
45.875026302,#NC,#NC,#NC
45.975220855,65.5770874023,67.0394897461,601.170837402
46.075394785,#NC,#NC,#NC
46.175566164,#NC,#NC,#NC
46.275735895,#NC,#NC,#NC
46.375910440,#NC,#NC,#NC
46.476080949,#NC,#NC,#NC
46.576256671,#NC,#NC,#NC
46.676435791,#NC,#NC,#NC
46.776636648,65.3014526367,66.4672241211,597.566833496
46.876975416,#NC,#NC,#NC
46.977154567,#NC,#NC,#NC
47.077317031,#NC,#NC,#NC
47.177478364,#NC,#NC,#NC
47.277648503,#NC,#NC,#NC
47.377819317,#NC,#NC,#NC
47.478011494,65.6078491211,66.7168579102,605.33416748
47.578176243,#NC,#NC,#NC
47.678342654,#NC,#NC,#NC
47.778514459,#NC,#NC,#NC
47.878673487,#NC,#NC,#NC
47.978846754,#NC,#NC,#NC
48.079012264,#NC,#NC,#NC
48.179192514,66.1273193359,67.0485839844,601.665527344
48.279364751,#NC,#NC,#NC
48.379534661,#NC,#NC,#NC
48.479710407,#NC,#NC,#NC
48.579888709,#NC,#NC,#NC
48.680055875,#NC,#NC,#NC
48.780231702,#NC,#NC,#NC
48.880421164,64.2888183594,65.5592041016,590.195556641
48.980601755,#NC,#NC,#NC
49.080767982,#NC,#NC,#NC
49.180972006,#NC,#NC,#NC
49.281135645,#NC,#NC,#NC
49.381296534,#NC,#NC,#NC
49.481457258,#NC,#NC,#NC
49.581625237,#NC,#NC,#NC
49.681798222,65.4822998047,66.7544555664,599.116638184
49.781960978,#NC,#NC,#NC
49.882130015,#NC,#NC,#NC
49.982301185,#NC,#NC,#NC
50.082476547,#NC,#NC,#NC
50.182639921,#NC,#NC,#NC
50.282806446,#NC,#NC,#NC
50.382988223,65.1101074219,66.0933227539,597.8046875
50.483162689,#NC,#NC,#NC
50.583327212,#NC,#NC,#NC
50.683493646,#NC,#NC,#NC
50.783672114,#NC,#NC,#NC
50.883852540,#NC,#NC,#NC
50.984026063,#NC,#NC,#NC
51.084207644,65.5606079102,66.8700561523,596.958129883
51.184377651,#NC,#NC,#NC
51.284506175,#NC,#NC,#NC
51.384672201,#NC,#NC,#NC
51.484972710,#NC,#NC,#NC
51.585142395,#NC,#NC,#NC
51.685312709,#NC,#NC,#NC
51.785494598,64.4801025391,66.0591430664,599.15625
51.885666385,#NC,#NC,#NC
51.985831152,#NC,#NC,#NC
52.086000006,#NC,#NC,#NC
52.186170773,#NC,#NC,#NC
52.286342663,#NC,#NC,#NC
52.386510211,#NC,#NC,#NC
52.486672436,#NC,#NC,#NC
52.586858037,67.1176147461,68.2720336914,602.906982422
52.687031261,#NC,#NC,#NC
52.787202164,#NC,#NC,#NC
52.887376155,#NC,#NC,#NC
52.987549090,#NC,#NC,#NC
53.087718007,#NC,#NC,#NC
53.187886960,#NC,#NC,#NC
53.288077838,65.1831665039,66.2426757812,597.353393555
53.388255902,#NC,#NC,#NC
53.488429341,#NC,#NC,#NC
53.588603006,#NC,#NC,#NC
53.688780215,#NC,#NC,#NC
53.788957873,#NC,#NC,#NC
53.889138487,#NC,#NC,#NC
53.989326962,65.6640625,66.5596313477,599.257995605
54.089495328,#NC,#NC,#NC
54.189666350,#NC,#NC,#NC
54.289832000,#NC,#NC,#NC
54.390001504,#NC,#NC,#NC
54.490162473,#NC,#NC,#NC
54.590348390,#NC,#NC,#NC
54.690540504,67.7710571289,67.3568725586,586.768005371
54.790723336,65.6005249023,66.9053344727,603.702880859
54.890902736,#NC,#NC,#NC
54.991072137,#NC,#NC,#NC
55.091249339,#NC,#NC,#NC
55.191422132,#NC,#NC,#NC
55.291593526,#NC,#NC,#NC
55.391776026,#NC,#NC,#NC
55.491960020,65.3400268555,66.3096313477,587.248474121
55.592138053,#NC,#NC,#NC
55.692319094,#NC,#NC,#NC
55.792502489,#NC,#NC,#NC
55.892671489,#NC,#NC,#NC
55.992973669,#NC,#NC,#NC
56.093139987,#NC,#NC,#NC
56.193328384,65.3671264648,66.3056640625,602.304443359
56.293492260,#NC,#NC,#NC
56.393658358,#NC,#NC,#NC
56.493832361,#NC,#NC,#NC
56.593989611,#NC,#NC,#NC
56.694159943,#NC,#NC,#NC
56.794324602,#NC,#NC,#NC
56.894506503,65.0009765625,66.0393676758,598.90814209
56.994681577,#NC,#NC,#NC
57.094858489,#NC,#NC,#NC
57.195031329,#NC,#NC,#NC
57.295200539,#NC,#NC,#NC
57.395372449,#NC,#NC,#NC
57.495550356,#NC,#NC,#NC
57.595722766,#NC,#NC,#NC
57.695916296,65.4589233398,66.5556030273,600.181213379
57.796091303,#NC,#NC,#NC
57.896270073,#NC,#NC,#NC
57.996447212,#NC,#NC,#NC
58.096631100,#NC,#NC,#NC
58.196975273,#NC,#NC,#NC
58.297151737,#NC,#NC,#NC
58.397332835,65.3463745117,66.4888916016,600.522094727
58.497500418,#NC,#NC,#NC
58.597672363,#NC,#NC,#NC
58.697842117,#NC,#NC,#NC
58.798012944,#NC,#NC,#NC
58.898175868,#NC,#NC,#NC
58.998341372,#NC,#NC,#NC
59.098521291,65.7052001953,66.8727416992,603.022094727
59.198700568,#NC,#NC,#NC
59.298867431,#NC,#NC,#NC
59.399042460,#NC,#NC,#NC
59.499212172,#NC,#NC,#NC
59.599383646,#NC,#NC,#NC
59.699552947,#NC,#NC,#NC
59.799746135,64.4829711914,65.8496704102,594.247375488
59.899920220,#NC,#NC,#NC
60.000096167,#NC,#NC,#NC
60.100270883,#NC,#NC,#NC
60.200450668,#NC,#NC,#NC
60.300630375,#NC,#NC,#NC
60.400970935,#NC,#NC,#NC
60.501143858,#NC,#NC,#NC
60.601325668,65.1775512695,66.431640625,601.509277344
60.701491822,#NC,#NC,#NC
60.801659673,#NC,#NC,#NC
60.901829994,#NC,#NC,#NC
61.001996887,#NC,#NC,#NC
61.102166514,#NC,#NC,#NC
61.202333952,#NC,#NC,#NC
61.302521623,65.1572875977,66.193359375,596.37713623
61.402697655,#NC,#NC,#NC
61.502865678,#NC,#NC,#NC
61.603043553,#NC,#NC,#NC
61.703214804,#NC,#NC,#NC
61.803390329,#NC,#NC,#NC
61.903565798,#NC,#NC,#NC
62.003752056,65.3883056641,66.6822509766,600.086120605
62.103925115,#NC,#NC,#NC
62.204099327,#NC,#NC,#NC
62.304275517,#NC,#NC,#NC
62.404450857,#NC,#NC,#NC
62.504628754,#NC,#NC,#NC
62.604970543,#NC,#NC,#NC
62.705166904,63.9753417969,65.6250610352,596.711120605
62.805341648,#NC,#NC,#NC
62.905503139,#NC,#NC,#NC
63.005676643,#NC,#NC,#NC
63.105848200,#NC,#NC,#NC
63.206015890,#NC,#NC,#NC
63.306184031,#NC,#NC,#NC
63.406349685,#NC,#NC,#NC
63.506537053,65.1080932617,66.3595581055,599.46307373
63.606707682,#NC,#NC,#NC
63.706871379,#NC,#NC,#NC
63.807046025,#NC,#NC,#NC
63.907215267,#NC,#NC,#NC
64.007387429,#NC,#NC,#NC
64.107546797,#NC,#NC,#NC
64.207727807,64.8225097656,65.8765869141,598.313598633
64.307902237,#NC,#NC,#NC
64.408083081,#NC,#NC,#NC
64.508252006,#NC,#NC,#NC
64.608430103,#NC,#NC,#NC
64.708615855,#NC,#NC,#NC
64.808971726,#NC,#NC,#NC
64.909157412,65.4470214844,66.6079711914,599.747680664
65.009323813,#NC,#NC,#NC
65.109490326,#NC,#NC,#NC
65.209657537,#NC,#NC,#NC
65.309827253,#NC,#NC,#NC
65.409997125,#NC,#NC,#NC
65.510184360,#NC,#NC,#NC
65.610369366,68.9349365234,68.3678588867,604.877929688
65.710554454,66.5845336914,67.9848022461,605.029846191
65.810725699,#NC,#NC,#NC
65.910896411,#NC,#NC,#NC
66.011063613,#NC,#NC,#NC
66.111240261,#NC,#NC,#NC
66.211421019,#NC,#NC,#NC
66.311593826,#NC,#NC,#NC
66.411786502,65.5170288086,66.4147338867,599.470153809
66.511960463,#NC,#NC,#NC
66.612132204,#NC,#NC,#NC
66.712306667,#NC,#NC,#NC
66.812496861,#NC,#NC,#NC
66.912666361,#NC,#NC,#NC
67.012976927,#NC,#NC,#NC
67.113158992,65.8895263672,66.967590332,604.465454102
67.213330807,#NC,#NC,#NC
67.313497994,#NC,#NC,#NC
67.413661922,#NC,#NC,#NC
67.513824719,#NC,#NC,#NC
67.614000437,#NC,#NC,#NC
67.714169009,#NC,#NC,#NC
67.814355836,64.8323364258,66.2746582031,596.236755371
67.914529578,#NC,#NC,#NC
68.014694571,#NC,#NC,#NC
68.114867501,#NC,#NC,#NC
68.215047577,#NC,#NC,#NC
68.315222732,#NC,#NC,#NC
68.415398390,#NC,#NC,#NC
68.515570048,#NC,#NC,#NC
68.615754569,64.9564208984,65.9141235352,596.667724609
68.715928328,#NC,#NC,#NC
68.816111409,#NC,#NC,#NC
68.916285649,#NC,#NC,#NC
69.016456534,#NC,#NC,#NC
69.116634202,#NC,#NC,#NC
69.216976094,#NC,#NC,#NC
69.317166935,64.8558959961,66.0423583984,599.441833496
69.417334261,#NC,#NC,#NC
69.517506188,#NC,#NC,#NC
69.617672886,#NC,#NC,#NC
69.717838734,#NC,#NC,#NC
69.818005761,#NC,#NC,#NC
69.918174569,#NC,#NC,#NC
70.018365256,66.0376586914,66.9185180664,600.69732666
70.118540443,#NC,#NC,#NC
70.218711866,#NC,#NC,#NC
70.318882707,#NC,#NC,#NC
70.419051106,#NC,#NC,#NC
70.519223079,#NC,#NC,#NC
70.619388246,#NC,#NC,#NC
70.719583096,64.342956543,65.6350097656,588.833007812
70.819756410,#NC,#NC,#NC
70.919933649,#NC,#NC,#NC
71.020112379,#NC,#NC,#NC
71.120286854,#NC,#NC,#NC
71.220464583,#NC,#NC,#NC
71.320644264,#NC,#NC,#NC
71.420980223,#NC,#NC,#NC
71.521165861,65.5328979492,66.4672851562,598.992980957
71.621336145,#NC,#NC,#NC
71.721505676,#NC,#NC,#NC
71.821675622,#NC,#NC,#NC
71.921842842,#NC,#NC,#NC
72.022013273,#NC,#NC,#NC
72.122176410,#NC,#NC,#NC
72.222358759,65.1696166992,66.1791992188,596.233459473
72.322520674,#NC,#NC,#NC
72.422696489,#NC,#NC,#NC
72.522858687,#NC,#NC,#NC
72.623023158,#NC,#NC,#NC
72.723195086,#NC,#NC,#NC
72.823365784,#NC,#NC,#NC
72.923561375,64.8203735352,65.6783447266,586.444946289
73.023731000,#NC,#NC,#NC
73.123905175,#NC,#NC,#NC
73.224082776,#NC,#NC,#NC
73.324257171,#NC,#NC,#NC
73.424431209,#NC,#NC,#NC
73.524634730,#NC,#NC,#NC
73.624970010,65.4700927734,66.2688598633,595.183166504
73.725154075,92.95703125,107.131103516,689.874023438
73.825326006,#NC,#NC,#NC
73.925495612,#NC,#NC,#NC
74.025660969,#NC,#NC,#NC
74.125832625,#NC,#NC,#NC
74.226005904,#NC,#NC,#NC
74.326174623,#NC,#NC,#NC
74.426359811,64.3359375,65.582824707,591.875
74.526536778,#NC,#NC,#NC
74.626704895,#NC,#NC,#NC
74.726871953,#NC,#NC,#NC
74.827045471,#NC,#NC,#NC
74.927210059,#NC,#NC,#NC
75.027381626,#NC,#NC,#NC
75.127573642,65.3889160156,66.416809082,599.936096191
75.227752109,#NC,#NC,#NC
75.327925899,#NC,#NC,#NC
75.428093622,#NC,#NC,#NC
75.528265682,#NC,#NC,#NC
75.628430649,#NC,#NC,#NC
75.728600660,#NC,#NC,#NC
75.828775828,66.8465576172,67.82421875,600.29296875
75.928974745,#NC,#NC,#NC
76.029146338,#NC,#NC,#NC
76.129318434,#NC,#NC,#NC
76.229474496,#NC,#NC,#NC
76.329640817,#NC,#NC,#NC
76.429819971,#NC,#NC,#NC
76.529998369,70.7856445312,69.0280151367,589.275756836
76.630179046,65.7595214844,67.5924682617,604.112670898
76.730357314,#NC,#NC,#NC
76.830531310,#NC,#NC,#NC
76.930708178,#NC,#NC,#NC
77.030870305,#NC,#NC,#NC
77.131034904,#NC,#NC,#NC
77.231209405,#NC,#NC,#NC
77.331388954,65.0694580078,66.1290283203,595.72857666
77.431560261,#NC,#NC,#NC
77.531732167,#NC,#NC,#NC
77.631902448,#NC,#NC,#NC
77.732069297,#NC,#NC,#NC
77.832238970,#NC,#NC,#NC
77.932419503,#NC,#NC,#NC
78.032614049,64.9261474609,66.2113647461,596.468139648
78.132769867,#NC,#NC,#NC
78.232972261,#NC,#NC,#NC
78.333143087,#NC,#NC,#NC
78.433310129,#NC,#NC,#NC
78.533470859,#NC,#NC,#NC
78.633636554,#NC,#NC,#NC
78.733819644,65.2219848633,66.3598632812,595.852050781
78.833979748,#NC,#NC,#NC
78.934138332,#NC,#NC,#NC
79.034301590,#NC,#NC,#NC
79.134459855,#NC,#NC,#NC
79.234624266,#NC,#NC,#NC
79.334792131,#NC,#NC,#NC
79.434958972,#NC,#NC,#NC
79.535143775,65.7620849609,66.8748168945,603.402099609
79.635315993,#NC,#NC,#NC
79.735494682,#NC,#NC,#NC
79.835672413,#NC,#NC,#NC
79.935841086,#NC,#NC,#NC
80.036007791,#NC,#NC,#NC
80.136179818,#NC,#NC,#NC
80.236365488,65.1087036133,66.259765625,599.174194336
80.336513510,#NC,#NC,#NC
80.436679936,#NC,#NC,#NC
80.536977398,#NC,#NC,#NC
80.637142080,#NC,#NC,#NC
80.737308571,#NC,#NC,#NC
80.837479559,#NC,#NC,#NC
80.937664021,65.1683959961,66.4792480469,598.616210938
81.037832999,#NC,#NC,#NC
81.137996939,#NC,#NC,#NC
81.238165532,#NC,#NC,#NC
81.338332306,#NC,#NC,#NC
81.438503916,#NC,#NC,#NC
81.538671332,#NC,#NC,#NC
81.638864066,65.0640258789,66.3436279297,599.536071777
81.739035106,#NC,#NC,#NC
81.839200888,#NC,#NC,#NC
81.939376620,#NC,#NC,#NC
82.039550697,#NC,#NC,#NC
82.139720080,#NC,#NC,#NC
82.239897202,#NC,#NC,#NC
82.340069530,#NC,#NC,#NC
82.440262169,65.4916992188,66.7721557617,600.761535645
82.540434646,#NC,#NC,#NC
82.640608552,#NC,#NC,#NC
82.740775498,#NC,#NC,#NC
82.840976789,#NC,#NC,#NC
82.941143692,#NC,#NC,#NC
83.041316531,#NC,#NC,#NC
83.141494738,65.3616943359,66.4671630859,600.955749512
83.241663821,#NC,#NC,#NC
83.341834629,#NC,#NC,#NC
83.442006322,#NC,#NC,#NC
83.542181562,#NC,#NC,#NC
83.642344133,#NC,#NC,#NC
83.742510146,#NC,#NC,#NC
83.842695398,65.2305297852,66.4824829102,598.480651855
83.942865126,#NC,#NC,#NC
84.043035730,#NC,#NC,#NC
84.143204614,#NC,#NC,#NC
84.243373276,#NC,#NC,#NC
84.343545776,#NC,#NC,#NC
84.443730761,#NC,#NC,#NC
84.543924315,65.8873901367,66.7252197266,601.42779541
84.644119306,72.0734863281,75.2473144531,628.445922852
84.744297863,#NC,#NC,#NC
84.844492408,#NC,#NC,#NC
84.944666262,#NC,#NC,#NC
85.044957472,#NC,#NC,#NC
85.145139838,#NC,#NC,#NC
85.245306887,#NC,#NC,#NC
85.345492666,65.3698120117,66.4262695312,594.438293457
85.445655691,#NC,#NC,#NC
85.545821663,#NC,#NC,#NC
85.645989410,#NC,#NC,#NC
85.746160191,#NC,#NC,#NC
85.846325402,#NC,#NC,#NC
85.946491066,#NC,#NC,#NC
86.046681879,64.9973144531,66.1042480469,598.669433594
86.146853748,#NC,#NC,#NC
86.247025770,#NC,#NC,#NC
86.347203414,#NC,#NC,#NC
86.447375412,#NC,#NC,#NC
86.547546295,#NC,#NC,#NC
86.647720505,#NC,#NC,#NC
86.747912304,65.6934814453,66.8115844727,602.816894531
86.848091672,#NC,#NC,#NC
86.948269204,#NC,#NC,#NC
87.048443870,#NC,#NC,#NC
87.148631714,#NC,#NC,#NC
87.248977696,#NC,#NC,#NC
87.349165223,#NC,#NC,#NC
87.449345072,87.3897705078,83.8874511719,578.785644531
87.549529052,65.455078125,66.8662109375,602.885986328
87.649702591,#NC,#NC,#NC
87.749877945,#NC,#NC,#NC
87.850049645,#NC,#NC,#NC
87.950221957,#NC,#NC,#NC
88.050391203,#NC,#NC,#NC
88.150558477,#NC,#NC,#NC
88.250745861,65.3373413086,66.4251708984,599.56451416
88.350922058,#NC,#NC,#NC
88.451099156,#NC,#NC,#NC
88.551274189,#NC,#NC,#NC
88.651450673,#NC,#NC,#NC
88.751627994,#NC,#NC,#NC
88.851802141,#NC,#NC,#NC
88.951994755,65.4130859375,66.6148681641,598.35546875
89.052160435,#NC,#NC,#NC
89.152336413,#NC,#NC,#NC
89.252506522,#NC,#NC,#NC
89.352676268,#NC,#NC,#NC
89.452970396,#NC,#NC,#NC
89.553132778,#NC,#NC,#NC
89.653306726,64.1557006836,65.6661987305,601.991638184
89.753473812,#NC,#NC,#NC
89.853638040,#NC,#NC,#NC
89.953804294,#NC,#NC,#NC
90.053976375,#NC,#NC,#NC
90.154141251,#NC,#NC,#NC
90.254310529,#NC,#NC,#NC
90.354472448,#NC,#NC,#NC
90.454659474,65.8568725586,66.9403686523,601.842651367
90.554832909,#NC,#NC,#NC
90.655003809,#NC,#NC,#NC
90.755172774,#NC,#NC,#NC
90.855345225,#NC,#NC,#NC
90.955514308,#NC,#NC,#NC
91.055682309,#NC,#NC,#NC
91.155868763,64.6723022461,66.4017944336,599.780761719
91.256044045,#NC,#NC,#NC
91.356224798,#NC,#NC,#NC
91.456391696,#NC,#NC,#NC
91.556574019,#NC,#NC,#NC
91.656739828,#NC,#NC,#NC
91.756972344,#NC,#NC,#NC
91.857159350,64.8266601562,66.0073852539,599.630432129
91.957331634,#NC,#NC,#NC
92.057499657,#NC,#NC,#NC
92.157675484,#NC,#NC,#NC
92.257849739,#NC,#NC,#NC
92.358018181,#NC,#NC,#NC
92.458187034,#NC,#NC,#NC
92.558366177,65.6342163086,66.7584838867,602.813537598
92.658536025,#NC,#NC,#NC
92.758715804,#NC,#NC,#NC
92.858883753,#NC,#NC,#NC
92.959059805,#NC,#NC,#NC
93.059232155,#NC,#NC,#NC
93.159400643,#NC,#NC,#NC
93.259577454,#NC,#NC,#NC
93.359763139,63.9748535156,65.2097167969,592.645141602
93.459932077,#NC,#NC,#NC
93.560101991,#NC,#NC,#NC
93.660274966,#NC,#NC,#NC
93.760450796,#NC,#NC,#NC
93.860631501,#NC,#NC,#NC
93.960972071,#NC,#NC,#NC
94.061152806,64.8440551758,66.1815185547,596.240112305
94.161315862,#NC,#NC,#NC
94.261483817,#NC,#NC,#NC
94.361662627,#NC,#NC,#NC
94.461825011,#NC,#NC,#NC
94.561987351,#NC,#NC,#NC
94.662159020,#NC,#NC,#NC
94.762338706,65.789855957,66.5875854492,591.232421875
94.862503712,#NC,#NC,#NC
94.962685015,#NC,#NC,#NC
95.062852200,#NC,#NC,#NC
95.163019942,#NC,#NC,#NC
95.263188151,#NC,#NC,#NC
95.363375641,#NC,#NC,#NC
95.463568383,65.5381469727,66.2290039062,599.037658691
95.563754226,68.9891967773,72.2985229492,613.811645508
95.663927087,#NC,#NC,#NC
95.764109510,#NC,#NC,#NC
95.864291094,#NC,#NC,#NC
95.964475147,#NC,#NC,#NC
96.064647417,#NC,#NC,#NC
96.164956845,#NC,#NC,#NC
96.265164820,63.8759765625,65.1016845703,587.279907227
96.365331638,#NC,#NC,#NC
96.465496662,#NC,#NC,#NC
96.565671693,#NC,#NC,#NC
96.665839644,#NC,#NC,#NC
96.766011490,#NC,#NC,#NC
96.866179835,#NC,#NC,#NC
96.966361941,65.3849487305,66.6826171875,602.841003418
97.066530155,#NC,#NC,#NC
97.166698550,#NC,#NC,#NC
97.266868216,#NC,#NC,#NC
97.367035275,#NC,#NC,#NC
97.467206175,#NC,#NC,#NC
97.567376681,#NC,#NC,#NC
97.667564952,65.7727050781,66.7139892578,600.903259277
97.767740255,#NC,#NC,#NC
97.867924193,#NC,#NC,#NC
97.968095969,#NC,#NC,#NC
98.068266503,#NC,#NC,#NC
98.168435569,#NC,#NC,#NC
98.268613439,#NC,#NC,#NC
98.368972454,#NC,#NC,#NC
98.469164372,66.4002075195,67.2901611328,604.941772461
98.569327258,#NC,#NC,#NC
98.669499456,#NC,#NC,#NC
98.769672965,#NC,#NC,#NC
98.869843599,#NC,#NC,#NC
98.970006317,#NC,#NC,#NC
99.070171925,#NC,#NC,#NC
99.170345823,64.9749755859,66.3444213867,597.006591797
99.270507996,#NC,#NC,#NC
99.370681431,#NC,#NC,#NC
99.470857198,#NC,#NC,#NC
99.571028791,#NC,#NC,#NC
99.671199483,#NC,#NC,#NC
99.771359782,#NC,#NC,#NC
99.871546653,65.6120605469,66.4771728516,592.760742188
99.971715352,#NC,#NC,#NC
100.071884403,#NC,#NC,#NC
100.172052594,#NC,#NC,#NC
100.272215142,#NC,#NC,#NC
100.372390584,#NC,#NC,#NC
100.472576519,#NC,#NC,#NC
100.572762561,65.0213012695,66.0229492188,597.821838379
100.672975567,#NC,#NC,#NC
100.773140578,#NC,#NC,#NC
100.873309463,#NC,#NC,#NC
100.973482982,#NC,#NC,#NC
101.073646399,#NC,#NC,#NC
101.173808844,#NC,#NC,#NC
101.273974087,#NC,#NC,#NC
101.374158666,66.0070800781,67.2724609375,603.187866211
101.474327690,#NC,#NC,#NC
101.574492446,#NC,#NC,#NC
101.674663222,#NC,#NC,#NC
101.774822871,#NC,#NC,#NC
101.874988739,#NC,#NC,#NC
101.975160906,#NC,#NC,#NC
102.075344126,65.3810424805,66.6049804688,598.647216797
102.175525040,#NC,#NC,#NC
102.275695133,#NC,#NC,#NC
102.375864723,#NC,#NC,#NC
102.476037349,#NC,#NC,#NC
102.576211323,#NC,#NC,#NC
102.676385420,#NC,#NC,#NC
102.776579282,65.2664794922,66.5501708984,590.763427734
102.876753516,#NC,#NC,#NC
102.976970861,#NC,#NC,#NC
103.077128575,#NC,#NC,#NC
103.177296204,#NC,#NC,#NC
103.277460857,#NC,#NC,#NC
103.377626222,#NC,#NC,#NC
103.477808559,65.4387817383,66.6571655273,600.99395752
103.577985979,#NC,#NC,#NC
103.678161975,#NC,#NC,#NC
103.778547140,#NC,#NC,#NC
103.879361203,#NC,#NC,#NC
103.980169470,#NC,#NC,#NC
104.080500603,#NC,#NC,#NC
104.180681734,#NC,#NC,#NC
104.280834682,16.4883422852,17.7767333984,116.887084961
104.381016251,#NC,#NC,#NC
104.481223068,#NC,#NC,#NC
104.581420934,#NC,#NC,#NC
104.681641090,#NC,#NC,#NC
104.781865054,#NC,#NC,#NC
104.882110816,#NC,#NC,#NC
104.982398461,0.38427734375,1.42315673828,1.03448486328
105.082636937,#NC,#NC,#NC
105.182861133,#NC,#NC,#NC
105.283128646,#NC,#NC,#NC
105.383386108,#NC,#NC,#NC
105.483648480,#NC,#NC,#NC
105.583910682,#NC,#NC,#NC
105.684184717,0.0252075195312,0.104736328125,0.100891113281
105.784426077,#NC,#NC,#NC
105.884703899,#NC,#NC,#NC
105.984964759,#NC,#NC,#NC
106.085240846,#NC,#NC,#NC
106.185483621,#NC,#NC,#NC
106.285732297,#NC,#NC,#NC
106.385997069,0.05029296875,0.781066894531,0.178405761719
106.486258198,#NC,#NC,#NC
106.586497457,#NC,#NC,#NC
106.686764979,#NC,#NC,#NC
106.787009738,#NC,#NC,#NC
106.887259611,#NC,#NC,#NC
106.887259611,#NC,#NC,#NC
